google.com
384073453
9295459138437380433799942105196048649510024863129015862764768288998872808612814488101902850299263093165852985606781774283153531879422295514356221456091780925204759256917135324575409767631190303098594592258659231562623217035266705362115603304840361848787039187490429063162750033158856386864879602055193489856378921943604088786465130533707061458102957045493259249489761710178552969347936857540660451076145217950840892002755403385471788789291510656421579017331457411102111734935170887509893200123511069094589051680368443184536492881571344189938217880736774915799406387858723074350715165328512484911372187297147214215333
21074384132025210070274144716412268305756020081215584905207681696855454817499943688687000869913025211322797460086411621693424405587835890066465457506192193120062066423763913917304277059340691502652918536758919053342626507283373489417254206734583333209566597219452338440269166578070257996338714288755345425758872277788508713027372263524913839663828561661332572922183548754401941947671132094369244891251271446677735962284587266740798459433281646746145236322415211386558743762476530090959339342732495599387851416997955884035782145429528507229479636725259141771573421749349841545366905765890437913059067619278555446681799
facebook.com
364826023
8541942479584255742441194218727249030151053448682000059872027502246893123300222020875749660041704962900749023539020071971751870861677460985653526474490659005889393898695726743854062207818341503827290502123333536407781673312988876919415453860807325969606677839057642908862665122890238671381953544102707220331894919382146266663757355899644619593126102363088561329075307830207623820180897052077168846544700196891497193468113402026555066547304481561583503350041001230435140123740305154384960055731145648262332576903638205363287042016753367152553433581142718595998943818625196866159380526714247306924698762262426998095515
24416383374857511482050205508381589950328823649131688110146043205730423298216078593217374938461906986575293745853760862643829335390704832728817302599470042903334006703934671498126085594178504406689963662731835370978701585615242905421137925765466031611538666817487507900475105418250106342476094426123313470494139314105751174135156749878132020734551173925271437346486147259055496758571717398802065058131270426699159706438394759425424983080262598195552255895541459993562237327536133914067623125777578054683187979578582470219189020526363807946734966271396004721094233922366406843421833296989831295066438726432362472805973
amazon.com
15726833
16603201313076266080795475397232260060144865818872037193494717422833476881427494169436056017525123889117813299616314475300470443397883503418726178414926772945776230585769215729924730400325334775221015824793777038817434332788278394014018417275179800423194623191464567393195696427496729104367153815536712018945968331714359905518465777505855434818050708414095292619282197258479493208509737442246817426724943146791968982500097237923738673780939251477123812823667600216079474244552652028918199373335492558678297751431903821830748726348294118159547671038202505602677897902753811859560869641630884585297309196554677560832097
25763718283718180786462753422354750018571081173188602538572459241674088398213264564298750418352713172858024941861948342527342423803494242262519259279115122068063299515460664881387922171230235057180796007080893575899197351305180450097495358164702776208797552863994658205380182714402179874613140709677867924180442610599123083193063299736402695808648981152100784115716802627645453180403136423957113630382757564233389726212926178299276403366080978918131334941237701307570057664462942421845123028443089000626880638237762084198313181423488895052926188888747768827387277709448754397411660009983864442845762529811048995205679
samsung.com
49818787
7527729792735015985403992821437663842363932461886699728151696372655147959863034508230350267051960919656900430819001167288689266948690671662232748780290693667218628291254699716161717809305699292919944920725506363484709430699675987714212889952623587969179632634159054407999977079261739291401476261416099526256317965038220063129623703564983184230972366447138132287439554744972980166428747103242632179603609019771201194479646840364736542360599115123896778483108951585519089956777852068132206748388600751161109124449967354027587727935529263634502607197821386200295070720231026645028776153818068559346589620041223860807243
27817200057813297105762299165914436187168055104820760502832828545152221524592874336297275804488846708977286767040472035360790419712255312280829058584855933736513818558572842293479701708801938732824040227158462762600166869874776585645236646997805214383818467244969233465519851997335546140557423244909457867642004105253854874073649784729330197376385339734600805874589065256198293960584026008623269253213352240924762949530314572562923996470045075068905860548225277948527103008439532782560795332054686828314732161287369117922592162401083513888509800337384430613236760113553688371827873190564486483149695017951641812764159
microsoft.com
1426426751
15844532685810796787410892785977403337739712721239009360011805393121522798531279704977007663206996371510561442118061456680317195841076717971655556837371335652439049702767090567503883115391594452438759269794658104100298194398453763548081447513720367604188634813568048721942031337930592571044266021977440755468747098520130951450327515117345556945434738220574646808937681225929594559721671321449730352411551535365110282011784134430801303252091813601629230690774923195635315562446845055439457877036313922999246628355474447467443029508199009966135016635523268121560480602315087819839015127015912169545074696313185130971391
23599556374452841007475378833560535326388945524652541434284012545511960739458079986573729559210989652001471874702308199386753816743440384533149523762126838060605418387616865507149785748235332546351513913991697687922197445724208160331099171312834665233170950645612040009521945197296376622457671292291283626627428552817441817753183635478983339683477109176778435557343298783051737327116537462712455138477435236027468132975699663622295340715080607125885736753982655566576198124090649046330036542545685014765647797043936025032941389409147514609800474393643445980045264254909440992537027650747123005131786120006023263763331
Twitter
748307027
20196487198452854785585195981183676276423909542056848578780976249888378163708149742369906238009566182413480289291456863836967247352888064397897244251402767405943199262806319955045775854045180977236423149299792775586383714129330212568732550495981342297169910287651577650706813290295884243678171597730297340194077018790725950271979181722602153636001374752693828975673489834882324465969861483660808565724901729324991418414751017622175995418249701062885990355120692227962730722497852820773971866163711170084601000606931054791610651754520903492836649231462795792476393143699139725254450197453944789166558478478949660476763
31049761798314636619750076587832783681687215672372348502838183636987361573973178049783228944901772149861001920466847512714518560304681200002017979007635116178818431024278599245188346086289553565905077693154238321989616869154560007338503917182133796156364548780821480133124229467393250885035352404085449194230649662587150730497851042720484934617101181196618572596547791500043751745491569814829883396468330874739574016394360564087669995154555748919681360928205707783367346727450230486639269603589504325027030059214475916355999693564669981009213151537804980106855379038534506265012092235049799665616406821887152223866661
Reymond
763730897
10937226631311826040531782655704566118982948269793336830943303832183422875264015969676316634985316008317984578829629239388392218765777514471350755902322250130493515502761424507208168749015940904616908741178681048163242590566010727386040465285410577733861779397716416015933656815694885761942892718980507270485140999740376456906403987120609134894754320312515340699002888880370651077064909348814354112134032600418543017766217174973722043018100083957935168888112030275099657810515910471892415105778131627663200814075348755091849969742659427511120004492058800441199175675164429103671022999823538164943051374602015680263217
18519555414347878755218309065817374751997959715190940658318661512009557062867493529612375689397738827278859509088323611435673295800085199220712968069700024043923648445268153447587957133922526347571224036760137055676029470622780252413733250099236830207368532016178213199150756779893229066689673655606783323472527380296104687256973758918482668268479067959088613507055894470982509949630563598042195209935808338978201158988568987056894800659251886062777985837948301358936487273312940703488488651678583188219787774830532019041607358515285719705595421945069761250489102390434016221444884821169082887127007781630410402449031
Dell.com
222183677
4390888575636696052950139208088777611271428622228954350432255828245699024274197235740645446465905481286833184593278290598288434561254731849710306984801835639851181460336782561672284809697705183584748103663561906654671655668779050862438464647184831778003867449762128441125668983259994225385264381587795344485421868929470575267917528567458310086015947972389957566378209291487253138838194274433362756675344647093942266846681222220722674044249247990716054338840338406219595004608193175654050202430191137638973907909574221060750416960375274576065838786656031731289578336952589839802322209815800592599235206537575732454873
14405404157561740316591467368758696888547237869588863625851012586736525701110523611635661535250652295655304315586759253730982077559824774686526226661495661079613570666539601011534711053068088301381593305119485488427823725598757069078540973795032843982895719428628140946726614292379625038852709215926580179763549718269439278544810678312394384342374336986214360343798681331862401765184073708815599000497159993124309268138686390978670234521035128409138075698361093983626790871896321065180789620167437828693405972161838562170376859984327121386693724138113856032446328337660041440730586855376266591933094039088671611057329
quora.com
515025937
13380608260778664398810674028364900928034994430746426638456010059476949017501726254267566239727301782976922198207476866096953548802052199373811209155306472855930579573838893431324816372690157819970510290799813211690829533884689489810984063083457216727982221012486691088116126979174505424112739408820484535965358507755006227013624379606600039719566858695168369738107736620012847397622819896461086728438294373009385859620320632298490954696863953512133131799517892774114876344851434427252525815823865102574980690403546526663438411710415994201433753674971395408603986696255831303381278336718768696426926544819185861209329
22730441400764879706957520570057045109157517976279407216572340038713222932867147470974152070969469250930702068355770964146897596219554812157246860494523548630134583934046511751710537754327146237527209052788402320588611970059882311232990167180778979506417326342626461386691958935395201060000682661501109240746705373812638619959444273754631462370205086353802892807579604996069160802193274369116211584180050384958122338692340908811625420255431594220145762653793416871666121498833813502765443523688544874722820207948888955722363506162405351869022090281138490469776546432632629781185263645787985978524661713761109112948453
asd
48441
11927781791360039630529169755173409843299020500093210183790567544427416414238388251306790643733749025348623655892323943384565312448909553755283095451550784894882604005498911072137775045483113600084473363506847831572706457247315746230305834261921551677221679326162951340474943608913759631130005475026997064861663701977750698833299276999572574120971012177368853301025029087357765735178527750491777633370156857941128274533711059469025359490097766688981178490462857887716411905872164753504266410055214238322281789881649249570555633724037043288578357142204210599990476461668341313041377469476244248569009229128527902655841
19415762551002106244916277835624689882699279278370079455391608670305066652848609337731518047417807605662578665784470719496344914154965815163804846492441667095433590531616410203482172148870845992865754030768346241782770707870466818883102420023580828818048165873808243754291029381343171151301071783856405283073093188400766486820073697432802857052059644427710437201548678153975125085006893980999486704536682816975478832520196433471328736051078206677036134188405818264940833222801509131585131025597376566625299057539231096288075866757380112607318960371080113505248247576686820645056341455719450449709193728398477093622083
dfg
19873
16681169317803293101249509331508207394600817066304238736931596484861977153208506771875572094121306180020653706325958382949287526240509979548176352250382020144378904055025618079937012612225451857201211034232919738934528563707639445604541477026383225742649447581839563603531757076697791761373398371976632170989846387326021329184692001335551302528042284626883755165417653487110991984781464635680450408882973867728419361135408122158619961855242318459185544522389367603384478271008590262536668203157671940544812857562189656632839190448564099018912029493440918730497105222691703349914576582309179664317952648331603962878377
23064417856585601043702184578380477670138595808715239436376651843293819798630254997389775567137877806689657768441923811615611981421947736976338179104699219810007789625375642392165049164597259080091815687978210114231259037539965122277816236898720785165495893118618078862658220857525583780266718558845864547003797760961182055174207807307480686768633503291752357429565689879996169564982910310200520978847907696199237517545648977492911382803934929405253147397347247752242462872060323175667610088170414588523121757854647989386178431364196965756358938437807471125070848371107090279352046860036178028409751306002414493928019
ravi@gmail.com
1263499411
16432955601490753633661014755681597790597320613581812277535844501595063549289273666855558050337408885154159242659336384576885492691130887916040560225201508985614045068527250958642471769111787982461339998206787539810595765979435247500978057696774637039213534461366074985987757476224837534490316869191018668155288894828226388592642771405024117924811293124107464881960698803323439631928543594408336420114309987022862302827277794841487119231622015671694392150971791644299746217013115269598466886598743310932998265104013153476410173181417179475160506912484375891918249724451910681133352175656569495969659411647247992960731
18448944682754494757839614199243941872522906121515622532956196729839583012609393361315061551224414958890159678688846188092080885514888625183735263491499103972953849753637088969304552800341936042684427253607709925790127506481747740754891455117869848728044500812464342243157123856328053097427307320788818961512729555862678843735963231533900356810871313275841646765978989807452868753875736027939422042551201036920550805973665485245401502707910920191147641332812549493922634832686501360444313523752562326048601416808922955184283567240217745197779759059013464850397754020354496922531676721696639681992461586989229104226549
deva@gmail.com
2739301
13587003575282125710542866105430311054113267623377536735615037448655080882834580618872592593655415965577265034301112415487976630955782118572348511505454784476612968891527080456866228261941688390612983132255378263757823134816859706485980851176731255183882961802510595354324397291503276983705304025580902992421216726560976225329425337198676778843372614303525765337443081450562790399240138821414882692763314567493714858331385028972310067565831801128361453196255085192027595026673433031286956336192321541943220811045077691324751046002112093065540222320706101207651279320410955022199089718637010920690702744419476127893701
16069154026161249925962163254627836687653983996850710335341105228950513873087748103057336794964477827586821211623530026232370626143074520949391819216812149614048356682596278780302877571234032454480688078668789395117831882386421813095219190132533926290585656989158428079413935861794349354641897193460667027050274308688686034720753585782307305542444627518508474723749058032011015350202713866059703376769042236993859751161339867802274068902667328794275300147712899830748866214995364541859016740463195449686724489428373094483579481957460351142003062870151426642628939850344432689264561579383504727090911414257110152698533
srihari@gmail.com
8203357
2573595016234842676926528836455249223836721508180563024390760270854318557404161429947348022548142373420893331303622492044891713526839441322774342937490863206389848206248566975324475271742732050229937664563972078495300049758298794500918989626590439707541854895024876483243044568442760174917610678952787537285658663500913203841811400618067993111318156492739514098510814991383648193455197764483458441979397875233728386822884503336472406136543578373321757648433684260622348208040824203331664467352149367231941136135915593012183933935812973266811072809185077967368888737555729915176360518586841472444215462690543226079605
17628041965388053810367670874013499760450965596774650021272693724708402595521982739018094719471279926254295312799872662889729128524330284167306950610253326631436892775872150352689832280525467637610267116241982006279803623017431493800056861626842425385123983542761109038201011621021685726502705300124329361233711685351750863296612558031626137191463594253288431835217225018010318734600511401042853304635658970941952101769610978229387120779006433717664901563528454079373231064716656782283100902035643022269387806886942404451530031902387063339332739173888472954862795026058732542761468379030645607700182986457792444236949
bob@gmail.com
86632411
9363696016614550456713588443448043575405109034123560865276251950416699303054386155285137399721442237033796683452067155137466842975173058971074597581739795810711323680172701969693455177216626022521244026022782817940687346319279667106544022162448439365030955938663486183908731773815262106338021625181662333985970865479405753095886382496020504484288937893400900457006023637311064996745808023398110399030007429509276743693688794820205544890527603246717580871984957779045397819463954369168983549000845776468533984812539806019597718015848648575655839863911445146716618300130137195670254210829306001380196743097651946407811
13024608443730643626277882697147411210285979698972514058004847069355565488449350273790227575839512804102113164725731583892464925009117074143914063763053345028239533844239408103462217238202356148707193216296337497194831466000770997904987750448212341265990068547677597636925048805265650774527114607570691349080045979087528139959131002169597477507533469229827377959176245820742164015797726935057230821807759057059898687691359543008636568150497433754819543585984477556358329579564317942162765101149262679886095810024827644932962127359509678724255945446837497981097939505229680761450092721404797038379870231112468396848403
alice@gnail.com
861959
4634494787255745683110055673325940424511618251762694691139206835598540883666750298070831698741726388318243305395598060740669937202636021550510846858437388274130186764975733689768495501922442466471742321313964355417390895048355267922204722277579371222356750598338770892553722346082576518812424101586908741704939468366752476787081185411940043645371721603219690804877590702741486906454669356679098440541461778024468437911904992909668726538465304040640315104564127906976683673067000792461644228032166952555646593637650797523417519185127996602883246431932468249398174104291874265460959676024966806333157585527839352407095
29484555543216090911738928583944867236257694202139856171705265376538407669755608846484773483723187162868522808817769428855875281588112000499363617253825729295875453211045557736586530079429362339706807637227930574607109505815990274884162645658297073051469542159289436692903428839193655238024875383284990863198370693635527376175031370014070987922059023094143114232778043061424419736170878672121702476475750464518082120676275296755090093059929721693447805652173723906543600100319937523914322935996358591608380268724847411657549792981869246432792970815624312947959669025433061029313150374206734982048596028910729766657781
charan@gmail.com
17580773
12154389504146356203930224741790238750042694455566092950948500137411163340625247812994684565938585998979567875959318715827432289374191624294307335215495053241791976175916287711460067520808512683752558949308962355317326271964686898943914322492534057203979464010812704353669449069613701762582802763834513801942511935541316917155979098912386507795506321962608880309218533646447529177622220319531942129074503573455850777939668759405056130133966700262555098713555503685570502257093712284013301446846857236094059505015819452399388422199758452990345159749223429536830283133473514524038782135016647331395776284912437721584333
15339004642827070910447418629860785569653077205969224493553225746234617847608737277338046526224882683051975622338649510852236210728766801717203550585749881174001398230200130277279682478135911161069965817799048465965697721723985816854914546858703150306256530772092069588157628840174348941438838181277710081374171024307403994725978638336641779110925105417040088119253419030366770595472601009262119126466603450232021554880835818532313004493208505904589540246851222802415039282613324575345911696237238937856802342266013798719978999924257516783121003985307391896820676784992706204761144703518050888894750297125653625216671
vishnu@gmail.com
17867261
3791052552579563562237041643448787773502604493091669707087610795669681217001776007758113127282123539420347298968145532484848212131150955079180090209894649006318614162555576582976868690765412850501483893635382696788286670153178536363167704497016035858738924462287593454263462328265000630611572458413726373238650635301626719930433500042577194258300937482867930407443474052008889238711646764081411397553000202354887519489656015898523650812182447084539954736973504782844951914263366040770199870670549316772935580490697336235104793949591619531061904618021820842514210686931065832756646296290018622979935986971528845244693
16788613315706395723362248941566146646856451930661566045285493081422443705637024672231391164100319140863256344225690210681583273463379439615296481922532161319480241004098007128184187186915337857505891780937059417546615799901936535036534556765045763600080476968226545406898449788934044998083229767660992140588955173658747666568375981623307921306658394364161762222821698832546226627201238714399837841156941004044503476010114373383084086505885363533178262740096875103835703451018300067800177235490626502189737287041304804620417617515189155114752234735690693073866720164231818344058465554433141811996641471889852410839031
krishna@gmail.com
754787557
12157985976575922553978406472795532101536731206262148157473097141493891419082959772652489702663909039158517942270433737483628945798677125806457700606041481318866649376104649874429858712382937726865072242676491633782944082245176413495411305191871588704357066270737674115123615919888153029515445372766133566961161051817253949660194057988345142559067124087466074037377481319387220469589622670972019164117987469516457192249734522272658005749283589914167408545894524554971403423512601422983898880765461847759049632561485267751562579674136847172337547153361898122342536659931793699321528735779080201993102510955750011791197
22360183264586429994307119245458030803029893800115762936264465599731515017188014013102316775901406502614495741863285455176763202355543801532095917827942544103340611451099427273980887912924659653680649900075403998165061835578987202822797194257447442598961886198768797004669221898170962142307562882857347384588642582500995490936024959723504568122659027503045334246548832962489641594469889890946213286290756260846196312996855636472216565176750740076393376973687301608231412339177796514902717588519840966899588595129545692521622106329184916376195037215068792641160161505504009154346899002128501798330859858093392620274607
